correlation coefficients
	srp	tprp	fprp	sru	tpru	fpru	spd	eod	aod
srp	1.000000	0.940762	0.870349	-0.132648	-0.136545	-0.160106	0.570373	0.298764	0.397136
tprp	0.940762	1.000000	0.706957	-0.065760	-0.130870	-0.072294	0.513858	0.284194	0.341844
fprp	0.870349	0.706957	1.000000	-0.244937	-0.191309	-0.231108	0.630218	0.347746	0.480247
sru	-0.132648	-0.065760	-0.244937	1.000000	0.872705	0.952224	-0.653491	-0.371175	-0.419328
tpru	-0.136545	-0.130870	-0.191309	0.872705	1.000000	0.742453	-0.565041	-0.286159	-0.300084
fpru	-0.160106	-0.072294	-0.231108	0.952224	0.742453	1.000000	-0.621243	-0.356048	-0.418527
spd	0.570373	0.513858	0.630218	-0.653491	-0.565041	-0.621243	1.000000	0.621910	0.775171
eod	0.298764	0.284194	0.347746	-0.371175	-0.286159	-0.356048	0.621910	1.000000	0.902817
aod	0.397136	0.341844	0.480247	-0.419328	-0.300084	-0.418527	0.775171	0.902817	1.000000

p-value
	srp	tprp	fprp	sru	tpru	fpru	spd	eod	aod
srp	0.000000	0.000000	0.000000	0.033891	0.028943	0.010296	0.000000	0.000001	0.000000
tprp	0.000000	0.000000	0.000000	0.294573	0.036378	0.249095	0.000000	0.000004	0.000000
fprp	0.000000	0.000000	0.000000	0.000075	0.002109	0.000191	0.000000	0.000000	0.000000
sru	0.033891	0.294573	0.000075	0.000000	0.000000	0.000000	0.000000	0.000000	0.000000
tpru	0.028943	0.036378	0.002109	0.000000	0.000000	0.000000	0.000000	0.000003	0.000001
fpru	0.010296	0.249095	0.000191	0.000000	0.000000	0.000000	0.000000	0.000000	0.000000
spd	0.000000	0.000000	0.000000	0.000000	0.000000	0.000000	0.000000	0.000000	0.000000
eod	0.000001	0.000004	0.000000	0.000000	0.000003	0.000000	0.000000	0.000000	0.000000
aod	0.000000	0.000000	0.000000	0.000000	0.000001	0.000000	0.000000	0.000000	0.000000
